First Name    Last Name      SID    Course Site  HW1  HW2 HW3 HW4 HW5 HW6 HW7 HW8 HW9 HW10  HW11 HW12 Project Midterm Final
Michael        Jordan    9998887777 CS401   01   10   9   8   10   9   9   8   7   7    9    10   9     18       88     95
Cindy         Crawford   9995671234 CS401   03    9   8   7   6    6   7   8   9   9    10    8   8     10       97     85
Reince        Li         1005856211 CS401   03   10   9   8   9    7   9   8   10  9    10    7   9     15       98     76
Juan          Wang       1785450388 CS401   03   5    10  10  10   8   10  9   10  9    9     10  10    17       99     87
Gaston        Cheng      485199816  CS401   03   7    9   7   9    9   10  10  10  10   9     9   9     18       73     98
Brittain      Yue        1470169132 CS401   03   9    10  8   9    10  8   9   9   10   8     9   9     19       90     87
Ted           Hua        244679508  CS401   01   10   10  9   9    10  9   6   8   9    7     8   8     19       84     98
Glenbard      Yth        451431014  CS401   01   8    10  10  10   9   10  7   9   9    10    10  8     20       78     76
Kent          Jhdf       1759752876 CS401   01   9    10  10  6    7   10  9   10  10   10    10  7     16       93     92
Daniele       Jyu        1344800251 CS401   01   10   9   10  9    8   9   10  9   10   5     10  10    17       98     98
Royce         Huafer     1905341731 CS401   01   10   8   7   10   10  7   9   8   9    8     9   10    18       92     96
Nicolai        Ruds      1342835528 CS401   01   7    10  9   10   10  9   8   10  10   9     9    9    19       91     97
Paine          Dser      804002630  CS401   01   10   9   8   9    8   10  7   7   9    10    8   10    19       90     94
Prim           Olpw      207542939  CS401   01   10   9   10  9    9   7   10  8   8    10    7   9     19       89     96
Jessup        Erhue      1074064033 CS401   01   9    9   8   8    7   9   10  9   9    9     9   7     20       93     89
Uribe         Gyrhs      484774148  CS401   02   10   8   9   7    10  10  9   10  10   10    10  9     17       94     87
Goodwin        Eloeu     196681023  CS401   02   10   10  10  10   9   9   10  10  10   10    9   10    19       87     98
Saville       Lpo        1641349561 CS401   02   10   10  10  10   9   9   10  10  10   10    9   10    20       88     78
Rivest        Rpor       262809204  CS401   02   10   10  7   9    6   7   9   8   9    9     8   10    16       94     89
Daniele       Elei       1316863505 CS401   02   8    9   9   7    9   9   8   9   9    8     9   10    19       97     89